01842203458
01776973380
01534305266
01879872015
01314225727
01680099181
01916137422
01758481894
01647717880
01964420049
01862518708
01684787917
01997208483
01521745494
01580869905
01796717395
01879817800
01306989751
01781239492
01744177540
01835267284
01764640177
01609126777
01722635559
01744348299
01402022518
01983848214
01568875746
01622336083
01858731500
01346007042
01761033374
01858868222
01739681508
01849361894
01862127586
01609533274
01404973129
01710613460
01851929529
01912243840
01869877390
01772278724
01749128019
01716153808
01995483134
01764226454
01797948804
01879786956
01752831919
01516782664
01968005283
01700773424
01950860876
01568884074
01627556032
01626061725
01921263500
01781468621
01926082218
01632155167
01797757517
01785210235
01911404541
01774907356
01816995294
01945470999
01648073586
01307676298
01749052494
01785221743
01787509277
01745105500
01312130086
01576570494
01521568107
01822115251
01726429597
01521705209
01883244404
01839273871
01712060022
01770575011
01780800129
01832242784
01312868895
01326092147
01908115091
01786509729
01303889558
01690277377
01644886567
01786252979
01712207901
01580317558
01762818154
01581898466
01977989963
01303543766
01755788626
01923342870
01831836442
01975269973
01816335965
01866636091
01738483354
01904341683
01629838820
01749568900
01719017460
01845339259
01749237009
01823005480
01768958974
01718067755
01903014118
01867318191
01787959495
01533440418
01751336051
01946865030
01318567779
01308102402
01312541268
01581821298
01921317264
01810905180
01767794212
01723714187
01334148206
01815269503
01621864433
01773820025
01568932120
01618873234
01862785956
01771213010
01619792393
01749773134
01882387311
01580461936
01303804619
01739858660
01784754065
01952806333
01733446537
01831343379
01957916199
01884463580
01608380066
01862456100
01734400332
01400845734
01617074363
01318798679
01781096215
01567943451
01406480752
01685096112
01798960830
01622998278
01784344615
01872771040
01626537253
01869254168
01612592761
01722929774
01837934471
01706356852
01731319172
01796732216
01922197032
01701331511
01903265284
01643445892
01903265284
01755010278
01706647010
01762922794
01518740217
01518628338
01308590836
01779522200
01842203458
01776973380
01305532325
01740200521
01720097317
01916137422
01647717880
01887444479
01952806333
01616491335
01306989751
01570211594
01400781212
01630636344
01781239492
01744177540
01764640177
01717733523
01609126777
01793809977
01402022518
01774907356
01719017460
01643630188
01758958807
01724413914
01858731500
01752346180
01346007042
01742863054
01628318107
01761033374
01858868222
01752815271
01991167500
01644886567
01851929529
01716153808
01764226454
01995483134
01618873234
01752831919
01761281137
01797415742
01627556032
01626061725
01921263500
01862456100
01926082218
01797757517
01785210235
01406700690
01940341637
01746012761
01776212870
01945470999
01752762827
01648723040
01867169127
01773731505
01785221743
01749052494
01405145195
01799326968
01312130086
01576570494
01681776573
01726429597
01972820810
01521705209
01883244404
01917471515
01602860627
01866636091
01314217550
01319965435
01707498049
01770575011
01741289592
01721938198
01319041045
01709276001
01614172940
01799783957
01792017302
01821086763
01817682373
01963686406
01786509729
01786948601
01714804999
01690277377
01580317558
01581898466
01954873342
01913192140
01755788626
01640001046
01522102808
01816335965
01738483354
01636068802
01845339259
01823005480
01749237009
01768958974
01867318191
01903014118
01772294402
01751336051
01946865030
01728140916
01999799176
01307753588
01303144833
01518424626
01312541268
01738413686
01689020084
01740557204
01334148206
01621864433
01971307405
01742351169
01568932120
01767247579
01862785956
01771213010
01580461936
01716210444
01913851964
01303804619
01833092059
01739858660
01784754065
01326092147
01831343379
01957916199
01884463580
01923558887
01608380066
01913042701
01958666907
01958666961











































































































































































































